anim={[0]={["Lg"]=CFrame.new(-0.691755414,0.129821658,0.0726833344,0.867112279,-0.446177542,-0.221453875,0.444869488,0.893673897,-0.0586368069,0.224069864,-0.0476736724,0.973406374),["To"]=CFrame.new(-4.96669372e-12,0.189537197,-0.590965986,0.971992552,-0.153945833,-0.177570254,0.192711115,0.954565585,0.227303728,0.134509996,-0.255157262,0.957497716),["Ht"]=CFrame.new(0,0,0,1,0,0,0,1,0,0,0,1),["Lm"]=CFrame.new(-0.67891103,0.0130776763,-0.132888734,-0.112336569,0.579523027,-0.807176411,-0.753905952,0.479460984,0.449158043,0.647307098,0.658991933,0.383044809),["Rm"]=CFrame.new(0.245776296,-0.0488061905,0.230882764,0.11685501,-0.333171099,-0.935597122,0.963373303,0.266972274,0.025253959,0.241364643,-0.904280305,0.352165312),["Rg"]=CFrame.new(0.727091789,0.380637646,0.0480116606,0.806107342,0.491314739,0.32984978,-0.558668554,0.815639555,0.150405064,-0.195142031,-0.305519402,0.931975126),["Hd"]=CFrame.new(1.34110451e-07,-5.21540642e-08,1.1920929e-07,0.989387274,-0.130459815,-0.0639770925,0.136627004,0.985145867,0.104022875,0.0494559631,-0.111659907,0.992515147)},[0.18333333730698]={["Lg"]=CFrame.new(-0.653652966,-0.0264570713,0.051574111,0.876563132,-0.437576115,-0.200409785,0.422873527,0.899061561,-0.113430761,0.229815289,0.0146814063,0.97312361),["To"]=CFrame.new(-1.34346116e-08,0.189537197,-0.437348843,0.9701401,-0.100259423,-0.220853403,0.148180276,0.965874076,0.212437987,0.19201766,-0.238820732,0.951889634),["Ht"]=CFrame.new(0,0,0,1,0,0,0,1,0,0,0,1),["Lm"]=CFrame.new(-0.5779109,0.164413571,-0.0903820395,-0.143801495,0.300239712,-0.942961991,-0.629450321,0.707517505,0.321265012,0.763618767,0.63974613,0.0872438997),["Rm"]=CFrame.new(0.291294098,0.146433771,0.209483027,0.0943586454,-0.288143456,-0.952926993,0.90284276,0.428101718,-0.0400490016,0.419489563,-0.856564283,0.300543368),["Rg"]=CFrame.new(0.706352174,0.274402738,0.0535676479,0.812184572,0.470432431,0.345035911,-0.558288097,0.798376679,0.225630447,-0.169324502,-0.375883162,0.911065996),["Hd"]=CFrame.new(-2.98023224e-08,9.68575478e-08,2.38418579e-07,0.960592151,-0.173384368,-0.217257231,0.210592121,0.964106798,0.161707193,0.181421727,-0.201087296,0.962626636)},[0.11666666716337]={["Lg"]=CFrame.new(-0.656180322,-0.00675296783,0.0422466993,0.86841619,-0.453662455,-0.200110003,0.432285309,0.890391767,-0.142590284,0.242863953,0.0373227671,0.969342113),["To"]=CFrame.new(-3.87480625e-09,0.189537197,-0.546700239,0.961237788,-0.130086929,-0.243103951,0.185209677,0.957803786,0.219793826,0.204253599,-0.256299287,0.944770455),["Ht"]=CFrame.new(0,0,0,1,0,0,0,1,0,0,0,1),["Lm"]=CFrame.new(-0.611822188,0.153832376,-0.0912878513,-0.0756101608,0.263316542,-0.961741984,-0.635916948,0.730174422,0.249909863,0.768044889,0.630483687,0.112238906),["Rm"]=CFrame.new(0.289160788,0.114300787,0.194774747,0.130190268,-0.261143416,-0.956480265,0.873129129,0.487282485,-0.0141957719,0.469783008,-0.833282709,0.291451573),["Rg"]=CFrame.new(0.72105962,0.355954647,0.0521087646,0.792730808,0.4913643,0.360748589,-0.583417118,0.783080995,0.215426266,-0.176642343,-0.381241947,0.907442629),["Hd"]=CFrame.new(1.41561031e-07,-1.3038516e-07,-1.78813934e-07,0.96312207,-0.20706889,-0.171809286,0.229951814,0.96501106,0.125999168,0.139707342,-0.160860345,0.977039278)},[0.94999998807907]={["Lg"]=CFrame.new(-0.686312616,0.104007363,0.0612386465,0.873231113,-0.434830338,-0.219977289,0.436880052,0.898543537,-0.0418991335,0.215878129,-0.0595161989,0.974604845),["To"]=CFrame.new(4.43410855e-08,0.189537197,-0.541539431,0.972383797,-0.159897208,-0.170007885,0.19528468,0.956322968,0.21750927,0.127803311,-0.244702429,0.961138427),["Ht"]=CFrame.new(0,0,0,1,0,0,0,1,0,0,0,1),["Lm"]=CFrame.new(-0.676148713,0.0253861547,-0.117891788,-0.140048444,0.660366416,-0.73776865,-0.762328267,0.403576672,0.505946219,0.631856084,0.633278906,0.446895838),["Rm"]=CFrame.new(0.245426714,-0.032232374,0.216275215,0.0700204894,-0.407520592,-0.910507619,0.989425778,0.144593745,0.0113727534,0.127018884,-0.901676118,0.413336009),["Rg"]=CFrame.new(0.722819805,0.332499385,0.0439240932,0.811369002,0.485452175,0.325601846,-0.551752925,0.81996578,0.15239723,-0.193000644,-0.303302497,0.93314451),["Hd"]=CFrame.new(1.11758709e-07,-5.58793545e-09,4.76837158e-07,0.991450667,-0.124462955,-0.0391746089,0.128056109,0.985755324,0.109032728,0.0250460505,-0.113117129,0.993265986)},[0.36666667461395]={["Lg"]=CFrame.new(-0.691820621,0.034278214,0.0810703039,0.83470571,-0.434172124,-0.338763595,0.531514227,0.796108961,0.289315552,0.144079834,-0.421550959,0.895285368),["To"]=CFrame.new(9.6054853e-09,0.189537197,-0.144210577,0.972016394,0.17148684,0.160550386,-0.195557386,0.969376266,0.148549721,-0.130159408,-0.17578958,0.975785077),["Ht"]=CFrame.new(0,0,0,1,0,0,0,1,0,0,0,1),["Lm"]=CFrame.new(-0.458393544,0.0870627761,-0.0231419802,-0.532743096,0.724609852,0.437178999,-0.455823272,-0.680945754,0.573182464,0.713028669,0.106082566,0.693063021),["Rm"]=CFrame.new(0.31250149,0.0666593313,0.228987336,-0.508563459,-0.698430121,-0.50354588,0.663134634,-0.69073832,0.288327843,-0.549195588,-0.187285736,0.814437568),["Rg"]=CFrame.new(0.649111152,-0.0954142809,0.00660502911,0.916339397,0.363017172,0.168938994,-0.352961779,0.931560874,-0.0872512236,-0.189050615,0.0203229915,0.981757104),["Hd"]=CFrame.new(1.34110451e-07,1.04308128e-07,-1.1920929e-07,0.972352505,0.119613588,-0.200557366,-0.0677362308,0.966398358,0.247963637,0.223478124,-0.227522999,0.947782099)},[0.23333333432674]={["Lg"]=CFrame.new(-0.659643829,-0.0299521685,0.0638147593,0.893333435,-0.391290545,-0.221014202,0.411585599,0.909839988,0.0528084077,0.180424079,-0.138141856,0.973839819),["To"]=CFrame.new(-3.05679606e-08,0.189537197,-0.241366148,0.994309247,-0.0557342321,-0.0907899141,0.0713228062,0.981315315,0.178699061,0.0791338757,-0.184157521,0.979705989),["Ht"]=CFrame.new(0,0,0,1,0,0,0,1,0,0,0,1),["Lm"]=CFrame.new(-0.5611341,0.146511555,-0.103688002,-0.467816532,0.605748951,-0.643596172,-0.557348609,0.362960249,0.746741056,0.685937583,0.708045363,0.167814523),["Rm"]=CFrame.new(0.281096697,0.148123205,0.225970149,-0.129037082,-0.422115386,-0.897311449,0.991582811,-0.0452222526,-0.121320188,0.010632595,-0.905413449,0.424397856),["Rg"]=CFrame.new(0.680266798,0.0699489117,0.0316436291,0.869119167,0.414961219,0.269144982,-0.464292765,0.872052848,0.154777139,-0.170482099,-0.259482235,0.950581372),["Hd"]=CFrame.new(1.15483999e-07,-3.7252903e-09,-1.1920929e-07,0.973276138,-0.00389257073,-0.229604855,0.0568519421,0.972814739,0.224498287,0.222489074,-0.231552288,0.947038591)},[0.44999998807907]={["Lg"]=CFrame.new(-0.719485283,0.192032337,0.0670969486,0.661201775,-0.616886497,-0.426922858,0.71167028,0.695815504,0.0967820287,0.237355709,-0.367820501,0.899094045),["To"]=CFrame.new(4.43410961e-08,0.189537197,-0.541539669,0.917448282,0.333793133,0.216497153,-0.384607494,0.883345246,0.2679151,-0.10181351,-0.329064667,0.93880266),["Ht"]=CFrame.new(0,0,0,1,0,0,0,1,0,0,0,1),["Lm"]=CFrame.new(-0.346476138,0.0604908466,0.259273529,-0.111306913,0.313504845,0.943040609,-0.993779302,-0.0386157259,-0.104458064,0.00366809173,-0.94880116,0.315852821),["Rm"]=CFrame.new(0.492778063,-0.125391483,0.112129927,-0.27391848,-0.847298861,0.455030888,0.704797447,0.145077005,0.694415867,-0.654392302,0.510918081,0.557434916),["Rg"]=CFrame.new(0.648594499,0.142635226,0.0229703188,0.8496328,0.480946541,0.216366187,-0.461660922,0.876614451,-0.135707825,-0.254937679,0.0154142892,0.966834605),["Hd"]=CFrame.new(1.1920929e-07,-2.23517418e-08,-1.1920929e-07,0.982092261,-0.167305842,-0.0866242647,0.176481932,0.97789526,0.112138599,0.0659479722,-0.125418097,0.989909708)},[0.64999997615814]={["Lg"]=CFrame.new(-0.701905608,0.158398628,0.0716612339,0.603859723,-0.63497889,-0.481825143,0.766447127,0.628549397,0.132228732,0.218888417,-0.449140757,0.866233289),["To"]=CFrame.new(-3.55271368e-15,0.189537197,-0.481211662,0.918704689,0.267550498,0.290514112,-0.35313639,0.885864735,0.300895959,-0.176851347,-0.379025578,0.908329964),["Ht"]=CFrame.new(0,0,0,1,0,0,0,1,0,0,0,1),["Lm"]=CFrame.new(-0.384595513,0.204803824,0.295926332,-0.144442439,0.0245233327,0.989209354,-0.890136361,0.433422387,-0.140720814,-0.432196498,-0.90085721,-0.0407755002),["Rm"]=CFrame.new(0.584832788,-0.06412673,0.122775793,-0.22646004,-0.303989023,0.925368309,0.562749147,0.734603465,0.379039913,-0.795002759,0.606587648,0.00471115066),["Rg"]=CFrame.new(0.570632935,-0.0183104277,-0.0052549839,0.825240195,0.526380897,0.204700023,-0.47958833,0.844531059,-0.238248125,-0.298284829,0.0984403268,0.949387014),["Hd"]=CFrame.new(1.63912773e-07,-1.63912773e-07,1.1920929e-07,0.984463811,-0.170975134,0.0399808437,0.165125296,0.978909492,0.120290391,-0.0597042516,-0.11181967,0.991933346)},[0.46666666865349]={["Lg"]=CFrame.new(-0.721688569,0.206282854,0.0655424595,0.642288566,-0.632830679,-0.432424366,0.725637794,0.683732748,0.0771965981,0.246810257,-0.363365948,0.898359537),["To"]=CFrame.new(4.7588145e-08,0.189537197,-0.578681469,0.911431253,0.344349921,0.225202501,-0.399162292,0.872780144,0.280934781,-0.0998123959,-0.34594509,0.932930589),["Ht"]=CFrame.new(0,0,0,1,0,0,0,1,0,0,0,1),["Lm"]=CFrame.new(-0.337427139,0.0665117502,0.293091774,-0.101308286,0.219289213,0.970385969,-0.9872756,0.0980142951,-0.12522094,-0.122571208,-0.970724285,0.206569314),["Rm"]=CFrame.new(0.517859459,-0.142837048,0.100699306,-0.250461072,-0.770755649,0.585837007,0.687667966,0.284306347,0.668043852,-0.68145591,0.570180416,0.45881626),["Rg"]=CFrame.new(0.64812237,0.164888501,0.0245001316,0.841819108,0.492705971,0.220411465,-0.471952975,0.870051861,-0.142374426,-0.261918128,0.0158296674,0.964960337),["Hd"]=CFrame.new(7.4505806e-08,7.4505806e-09,1.1920929e-07,0.978981197,-0.193451315,-0.0645938367,0.199315086,0.974619389,0.101934932,0.043234963,-0.112666905,0.992691815)},[0.89999997615814]={["Lg"]=CFrame.new(-0.657036722,-0.0307537317,0.0040307045,0.902009845,-0.378130704,-0.208315551,0.393531024,0.918582678,0.0365996324,0.177515551,-0.114991844,0.97737664),["To"]=CFrame.new(2.43335219e-08,0.189537197,-0.312679768,0.973185599,-0.186149031,-0.135123327,0.20806767,0.962856233,0.172092691,0.0980694294,-0.195592955,0.975769341),["Ht"]=CFrame.new(0,0,0,1,0,0,0,1,0,0,0,1),["Lm"]=CFrame.new(-0.652337074,0.10247308,-0.036667943,-0.262697667,0.913320959,-0.311183304,-0.767619371,-0.002424123,0.640901446,0.584594369,0.407233506,0.701719582),["Rm"]=CFrame.new(0.254795909,0.0620642304,0.14338088,-0.246972412,-0.642871916,-0.725065708,0.907529235,-0.415752828,0.0594994873,-0.339698672,-0.64332372,0.686104655),["Rg"]=CFrame.new(0.700274229,0.109713316,0.0250428915,0.839027166,0.452833802,0.301620185,-0.512996733,0.843115211,0.161218435,-0.181295156,-0.289997131,0.939698875),["Hd"]=CFrame.new(2.98023224e-08,-1.67638063e-08,-1.1920929e-07,0.992090762,-0.106700882,0.0661132559,0.0973245949,0.986502886,0.131681636,-0.0792714506,-0.124205656,0.989084959)},[0.68333333730698]={["Lg"]=CFrame.new(-0.687512457,0.110464692,0.0563704967,0.645193875,-0.600569248,-0.472272635,0.738159597,0.649460137,0.182543248,0.197092146,-0.466388494,0.862343729),["To"]=CFrame.new(-6.9618622e-09,0.189537197,-0.401577234,0.943018913,0.204970613,0.262111425,-0.280833691,0.912781715,0.296584189,-0.178459406,-0.353294224,0.918333054),["Ht"]=CFrame.new(0,0,0,1,0,0,0,1,0,0,0,1),["Lm"]=CFrame.new(-0.414994001,0.222824931,0.274372101,-0.142938986,0.0952213109,0.985140264,-0.916658103,0.362624079,-0.168052837,-0.373237848,-0.92705816,0.0354522876),["Rm"]=CFrame.new(0.566310465,-0.0218034387,0.116119504,-0.252972811,-0.39620769,0.882623494,0.591411233,0.65866518,0.465180337,-0.765661418,0.639671624,0.067697227),["Rg"]=CFrame.new(0.575210333,-0.0549280643,-0.00624674559,0.833017707,0.513975501,0.204720467,-0.472161859,0.853326082,-0.221129283,-0.288348407,0.0875437111,0.953515351),["Hd"]=CFrame.new(8.94069672e-08,2.98023224e-08,-3.57627869e-07,0.985371053,-0.155001402,0.0708417073,0.145112813,0.981079996,0.128157333,-0.0893659145,-0.116002508,0.98922056)},[0.93333333730698]={["Lg"]=CFrame.new(-0.678587317,0.0684468746,0.0461426973,0.880726099,-0.420801044,-0.217366233,0.426373512,0.904255509,-0.0229721535,0.206221282,-0.072447136,0.975819767),["To"]=CFrame.new(3.90615575e-08,0.189537197,-0.48114872,0.972574353,-0.1668621,-0.162037551,0.198636681,0.958306193,0.205409139,0.121006563,-0.231962293,0.965168893),["Ht"]=CFrame.new(0,0,0,1,0,0,0,1,0,0,0,1),["Lm"]=CFrame.new(-0.670696378,0.045099318,-0.0975882411,-0.172346935,0.744336843,-0.645181656,-0.767408371,0.309175938,0.561689019,0.617560565,0.591923118,0.517924786),["Rm"]=CFrame.new(0.24694258,-0.00734981894,0.197040081,0.00113572541,-0.488994688,-0.872285843,0.999977231,-0.00524195796,0.00424046768,-0.00664612185,-0.872271001,0.488977939),["Rg"]=CFrame.new(0.717310548,0.273711085,0.0389418602,0.817830861,0.477891833,0.32058093,-0.543199778,0.824998379,0.155921668,-0.189964995,-0.301657349,0.934299946),["Hd"]=CFrame.new(1.11758709e-07,1.49011612e-08,1.1920929e-07,0.99274689,-0.119675502,-0.0114617273,0.120197102,0.986029625,0.115318835,-0.0024992153,-0.11586009,0.99326247)},[0.08333333581686]={["Lg"]=CFrame.new(-0.666200042,0.0327787399,0.0486900806,0.867117047,-0.453158587,-0.206773639,0.437313974,0.89133209,-0.119514503,0.238462836,0.0132079702,0.971061766),["To"]=CFrame.new(-1.60836677e-09,0.189537197,-0.57262516,0.964001,-0.141268969,-0.225267008,0.19196634,0.955964625,0.221992686,0.183986589,-0.257244855,0.948669612),["Ht"]=CFrame.new(0,0,0,1,0,0,0,1,0,0,0,1),["Lm"]=CFrame.new(-0.636000752,0.114188433,-0.103004992,-0.0794305503,0.358728975,-0.930056155,-0.672550678,0.669372439,0.315619856,0.735776126,0.65057981,0.188094765),["Rm"]=CFrame.new(0.276941359,0.0651115179,0.201694608,0.128313303,-0.281805456,-0.950852931,0.904067934,0.427363455,-0.00465849834,0.407672644,-0.859037936,0.309607923),["Rg"]=CFrame.new(0.724592328,0.37041086,0.0497092009,0.79490453,0.49374783,0.352618545,-0.57834363,0.792307198,0.194340006,-0.183427244,-0.358416796,0.915364563),["Hd"]=CFrame.new(1.11758709e-07,2.98023224e-08,0,0.973069489,-0.186974317,-0.134819642,0.202922106,0.972275078,0.116206281,0.109354205,-0.140434638,0.984032393)},[0.31666666269302]={["Lg"]=CFrame.new(-0.676881373,-0.0188075304,0.0802035332,0.891937613,-0.358933926,-0.274980128,0.435344279,0.846013248,0.30779323,0.122159183,-0.394243628,0.910850883),["To"]=CFrame.new(-3.55271368e-15,0.189537197,-0.0343365669,0.990742743,0.0705166161,0.116001807,-0.0845926628,0.98900789,0.121274583,-0.106174834,-0.129964799,0.985817552),["Ht"]=CFrame.new(0,0,0,1,0,0,0,1,0,0,0,1),["Lm"]=CFrame.new(-0.516268611,0.110609174,-0.105740964,-0.698199749,0.692714453,0.180731639,-0.248760581,-0.471472681,0.846068323,0.671293795,0.545765877,0.501502275),["Rm"]=CFrame.new(0.26869446,0.129426479,0.251643062,-0.510953724,-0.486158669,-0.708925962,0.684009135,-0.729437649,0.00722974073,-0.520632207,-0.481217772,0.705245912),["Rg"]=CFrame.new(0.650541067,-0.161242604,0.00207936764,0.928886592,0.33199212,0.164167315,-0.330529153,0.943071663,-0.0369647816,-0.167093426,-0.0199259873,0.985739708),["Hd"]=CFrame.new(1.1920929e-07,-3.81842256e-08,-1.1920929e-07,0.955693007,0.19866696,-0.217214987,-0.131511763,0.948333621,0.28873536,0.263354421,-0.24737601,0.932442784)},[0.98333334922791]={["Lg"]=CFrame.new(-0.69264257,0.133144498,0.0736079216,0.86715126,-0.445868731,-0.221922338,0.445059299,0.893715024,-0.0565335527,0.223542005,-0.0497451983,0.973424137),["To"]=CFrame.new(-3.55271368e-15,0.189537197,-0.59102273,0.972260535,-0.154191241,-0.175882295,0.192534879,0.954559743,0.227477968,0.132815018,-0.255031317,0.957767844),["Ht"]=CFrame.new(0,0,0,1,0,0,0,1,0,0,0,1),["Lm"]=CFrame.new(-0.68017298,0.00956732035,-0.133926272,-0.114012629,0.58637768,-0.801974237,-0.756328702,0.472189724,0.452773333,0.644180119,0.658177853,0.389658689),["Rm"]=CFrame.new(0.244694322,-0.0526210964,0.232035995,0.116290092,-0.33489874,-0.935050488,0.96490258,0.26127544,0.0264240541,0.235456362,-0.905305505,0.35352844),["Rg"]=CFrame.new(0.727099717,0.380668938,0.0480066538,0.806551456,0.491124213,0.329046905,-0.557911992,0.816418231,0.148981482,-0.195471317,-0.303740531,0.932487369),["Hd"]=CFrame.new(7.4505806e-08,9.49949026e-08,-2.38418579e-07,0.989790559,-0.128432333,-0.0618053712,0.134351298,0.985490084,0.103726223,0.0475867763,-0.110970825,0.992683709)},[0.16666667163372]={["Lg"]=CFrame.new(-0.652868092,-0.0247110128,0.047837019,0.872790575,-0.446371287,-0.197457403,0.425788611,0.894069493,-0.139082193,0.23862277,0.0373145193,0.970395148),["To"]=CFrame.new(-9.61943414e-09,0.189537197,-0.480989218,0.964301169,-0.109346867,-0.241177827,0.163456216,0.962335944,0.21723628,0.208340019,-0.248903185,0.945855021),["Ht"]=CFrame.new(0,0,0,1,0,0,0,1,0,0,0,1),["Lm"]=CFrame.new(-0.584586561,0.167052209,-0.0879560113,-0.0932142437,0.246192917,-0.964728057,-0.624929845,0.739843965,0.24918586,0.775096059,0.626115024,0.0848893598),["Rm"]=CFrame.new(0.29294908,0.143052995,0.204197764,0.121873751,-0.262331009,-0.957250893,0.872002184,0.488962471,-0.0229783673,0.474087447,-0.831924379,0.288345128),["Rg"]=CFrame.new(0.712155521,0.314182103,0.0560305119,0.801071703,0.480333865,0.357160687,-0.573928714,0.785812199,0.230444327,-0.169970706,-0.389587671,0.905169427),["Hd"]=CFrame.new(6.70552254e-08,7.63684511e-08,-2.98023224e-07,0.957064509,-0.201391578,-0.208492085,0.234386086,0.96084094,0.14781037,0.170560002,-0.190331608,0.96679014)},[0.63333332538605]={["Lg"]=CFrame.new(-0.706712723,0.169515908,0.0733747482,0.598949552,-0.640817463,-0.480221063,0.768667281,0.628213882,0.120408326,0.224521637,-0.441248536,0.868843853),["To"]=CFrame.new(-7.28927319e-09,0.189537197,-0.507643223,0.9136765,0.282928646,0.291798919,-0.367983103,0.880679607,0.298315108,-0.172579482,-0.37994054,0.90876919),["Ht"]=CFrame.new(0,0,0,1,0,0,0,1,0,0,0,1),["Lm"]=CFrame.new(-0.372847617,0.195582569,0.304760098,-0.141373351,0.0187943149,0.989777982,-0.893250525,0.428582221,-0.135724023,-0.426752061,-0.903307319,-0.0438020416),["Rm"]=CFrame.new(0.584797978,-0.0785731673,0.122566819,-0.227166802,-0.306559056,0.924346685,0.563779771,0.732536912,0.381499559,-0.794070303,0.607792079,0.00642370339),["Rg"]=CFrame.new(0.572268903,0.000292420387,-0.00359559059,0.826391459,0.524607539,0.204608366,-0.478450775,0.845773757,-0.23611702,-0.296920925,0.0972302333,0.949939013),["Hd"]=CFrame.new(1.78813934e-07,-3.7252903e-08,1.1920929e-07,0.983823061,-0.176794052,0.0289167017,0.172306404,0.978035033,0.117294841,-0.0490185842,-0.110414907,0.992676079)},[0.96666663885117]={["Lg"]=CFrame.new(-0.691063762,0.125877738,0.0705227852,0.868664086,-0.443152517,-0.221447125,0.443049043,0.894931138,-0.0529708453,0.221653834,-0.0520982742,0.97373265),["To"]=CFrame.new(4.75881343e-08,0.189537197,-0.578681469,0.97228545,-0.15561156,-0.174487978,0.193223163,0.955011129,0.224985778,0.131627575,-0.252465487,0.95861119),["Ht"]=CFrame.new(0,0,0,1,0,0,0,1,0,0,0,1),["Lm"]=CFrame.new(-0.679218531,0.0134754181,-0.129993975,-0.120505661,0.605112255,-0.786967397,-0.757952392,0.45586127,0.466581851,0.641082406,0.652709544,0.403712422),["Rm"]=CFrame.new(0.244820416,-0.0475361049,0.228105426,0.1056052,-0.35334006,-0.929515064,0.97226876,0.232833847,0.0219543502,0.208665013,-0.906056941,0.368130147),["Rg"]=CFrame.new(0.726058424,0.368655205,0.0469882488,0.807706475,0.489756405,0.328251719,-0.556455076,0.817246318,0.149886891,-0.194854125,-0.303722143,0.932622552),["Hd"]=CFrame.new(8.94069672e-08,5.58793545e-08,0,0.990254819,-0.127438635,-0.0561688468,0.132793739,0.985559642,0.105062515,0.0419687256,-0.111497521,0.992878139)},[0.88333332538605]={["Lg"]=CFrame.new(-0.645590186,-0.0834430456,-0.0183368921,0.913421094,-0.353107244,-0.202428341,0.373806953,0.924550772,0.0739892349,0.161029071,-0.143252313,0.976498067),["To"]=CFrame.new(1.65108602e-08,0.189537197,-0.223198891,0.973543942,-0.196302459,-0.11695122,0.213114202,0.964682877,0.154820368,0.0824292153,-0.175648391,0.980995953),["Ht"]=CFrame.new(0,0,0,1,0,0,0,1,0,0,0,1),["Lm"]=CFrame.new(-0.639894843,0.1349805,-0.000653326511,-0.306468993,0.946851194,-0.0977226868,-0.761531174,-0.182294399,0.621963799,0.571092844,0.265031487,0.776924253),["Rm"]=CFrame.new(0.262063622,0.0989333391,0.114880443,-0.393039227,-0.66871959,-0.631137133,0.794476807,-0.592537642,0.133062869,-0.462954372,-0.449124992,0.764172912),["Rg"]=CFrame.new(0.689801037,0.0226075053,0.0176606178,0.852335811,0.436644167,0.287863582,-0.492277384,0.855668843,0.159667984,-0.176597357,-0.277799755,0.944267333),["Hd"]=CFrame.new(8.19563866e-08,1.86264515e-08,2.38418579e-07,0.98917973,-0.100070328,0.107282579,0.0846636668,0.986578107,0.139627621,-0.119815201,-0.129033864,0.984375298)},[0.33333334326744]={["Lg"]=CFrame.new(-0.680898488,-0.0098079443,0.0818192959,0.881073713,-0.373215914,-0.290549338,0.456369013,0.832183599,0.314956903,0.124243364,-0.410098135,0.90353936),["To"]=CFrame.new(1.07890097e-09,0.189537197,-0.0466778278,0.986217856,0.099106364,0.132484913,-0.115542911,0.985688806,0.122749537,-0.118423611,-0.136365458,0.983555019),["Ht"]=CFrame.new(0,0,0,1,0,0,0,1,0,0,0,1),["Lm"]=CFrame.new(-0.501126349,0.1045506,-0.0932337046,-0.670189917,0.696694613,0.25585565,-0.273658901,-0.552405238,0.787375033,0.689895809,0.45767346,0.560873091),["Rm"]=CFrame.new(0.273519695,0.119276822,0.2521981,-0.525217474,-0.525682986,-0.669181406,0.660885513,-0.747363806,0.0683935732,-0.536075532,-0.406330913,0.739944994),["Rg"]=CFrame.new(0.649852872,-0.153848648,0.00258779526,0.928956211,0.333361238,0.160967484,-0.328790694,0.942797542,-0.0550425313,-0.170108572,-0.00179259549,0.985423684),["Hd"]=CFrame.new(9.68575478e-08,2.04890966e-08,2.38418579e-07,0.957838058,0.189864099,-0.215634048,-0.124475554,0.950668335,0.284140468,0.258944511,-0.245319337,0.934219658)},[0.91666668653488]={["Lg"]=CFrame.new(-0.668483019,0.021935761,0.0263981819,0.890649557,-0.401469469,-0.213460937,0.411650449,0.911334932,0.00357492082,0.19309929,-0.091055125,0.976945043),["To"]=CFrame.new(3.21561835e-08,0.189537197,-0.402160406,0.972850919,-0.175935715,-0.150358677,0.203041822,0.960619748,0.189693823,0.111063592,-0.2150729,0.97026211),["Ht"]=CFrame.new(0,0,0,1,0,0,0,1,0,0,0,1),["Lm"]=CFrame.new(-0.662727118,0.071516335,-0.0698934197,-0.215160266,0.837984204,-0.501486599,-0.769966662,0.17030859,0.614935994,0.600714207,0.518437684,0.608576238),["Rm"]=CFrame.new(0.249889523,0.0251953006,0.171881557,-0.10716556,-0.576989293,-0.809690595,0.978796184,-0.204212934,0.0159757808,-0.174567118,-0.790809989,0.586639583),["Rg"]=CFrame.new(0.709660888,0.196819425,0.032425046,0.827182829,0.4669168,0.312661618,-0.530279338,0.832706809,0.159383565,-0.18593654,-0.297637701,0.936397195),["Hd"]=CFrame.new(6.70552254e-08,2.98023224e-08,-3.57627869e-07,0.993224263,-0.113517918,0.0248871259,0.109639838,0.986305177,0.123211749,-0.0385330468,-0.119648293,0.99206835)},[0.41666665673256]={["Lg"]=CFrame.new(-0.71076709,0.137974381,0.0726388693,0.722628534,-0.558779001,-0.406908542,0.660793841,0.731202364,0.169394299,0.202878296,-0.391291618,0.897625268),["To"]=CFrame.new(3.2156187e-08,0.189537197,-0.402160645,0.937904835,0.286239415,0.19596307,-0.327040792,0.917987287,0.224373832,-0.115666986,-0.274529219,0.954596698),["Ht"]=CFrame.new(0,0,0,1,0,0,0,1,0,0,0,1),["Lm"]=CFrame.new(-0.382091314,0.0618561506,0.155050516,-0.206886634,0.560487568,0.801904917,-0.902242184,-0.426276684,0.0651711002,0.378361166,-0.710029542,0.593886554),["Rm"]=CFrame.new(0.42276296,-0.0593292713,0.154429436,-0.368355721,-0.927565515,0.0627393201,0.716188192,-0.240089223,0.655310631,-0.592780471,0.286320508,0.752749443),["Rg"]=CFrame.new(0.648971498,0.059129715,0.0172291994,0.874771416,0.441231608,0.200224027,-0.424918234,0.897160769,-0.120612368,-0.232850954,0.0204293597,0.972297907),["Hd"]=CFrame.new(8.94069672e-08,-5.21540642e-08,0,0.987950265,-0.0679435357,-0.139061034,0.0896481797,0.983631372,0.156309634,0.126164585,-0.166892767,0.977869809)},[0.76666665077209]={["Lg"]=CFrame.new(-0.633880019,-0.13282156,-0.0399336219,0.892706275,-0.359330446,-0.271950662,0.433158696,0.850664139,0.297899365,0.124294154,-0.383734614,0.915040374),["To"]=CFrame.new(-3.30114744e-08,0.189537197,-0.103604317,0.98965919,-0.132734001,0.0543743074,0.121360317,0.976903439,0.175873175,-0.0764627904,-0.167455584,0.982910097),["Ht"]=CFrame.new(0,0,0,1,0,0,0,1,0,0,0,1),["Lm"]=CFrame.new(-0.525589824,0.248400271,0.182665706,-0.25641498,0.627351522,0.735310435,-0.928487659,-0.37129724,-0.00699595921,0.268629849,-0.684520721,0.67769438),["Rm"]=CFrame.new(0.397034556,0.139127135,0.0678688288,-0.615339339,-0.788228869,0.00726203993,0.584434807,-0.450024545,0.675213933,-0.528955221,0.419729888,0.7375862),["Rg"]=CFrame.new(0.621419191,-0.144375324,-0.000148117542,0.892870188,0.399371445,0.208051175,-0.406063795,0.913773596,-0.0114052407,-0.19466652,-0.0742987096,0.978051424),["Hd"]=CFrame.new(7.4505806e-08,-8.38190317e-09,-4.17232513e-07,0.9801898,-0.0992380679,0.171405643,0.0734861866,0.985867381,0.150550008,-0.183923542,-0.134971648,0.973629713)},[0.58333331346512]={["Lg"]=CFrame.new(-0.717434466,0.19584626,0.0730719566,0.596540689,-0.65116787,-0.469169438,0.766036093,0.636352599,0.090797469,0.239432812,-0.41356495,0.878428161),["To"]=CFrame.new(-2.2104949e-09,0.189537197,-0.565737724,0.904701233,0.319079161,0.282319248,-0.398281127,0.868705273,0.294488251,-0.151287153,-0.378866285,0.913002014),["Ht"]=CFrame.new(0,0,0,1,0,0,0,1,0,0,0,1),["Lm"]=CFrame.new(-0.346639454,0.160298407,0.329744458,-0.12735264,0.00810161326,0.991824508,-0.908798099,0.399620473,-0.119956091,-0.397325248,-0.91664499,-0.0435298905),["Rm"]=CFrame.new(0.581839502,-0.11755842,0.114709973,-0.235488653,-0.359124839,0.903091609,0.581591129,0.692405045,0.426997662,-0.778650701,0.625783205,0.0458102971),["Rg"]=CFrame.new(0.595820427,0.0746716261,0.0069590807,0.829081416,0.518382072,0.209532902,-0.478655607,0.851723135,-0.213206008,-0.288986087,0.0764713436,0.954274178),["Hd"]=CFrame.new(1.1920929e-07,0,-5.96046448e-08,0.981285155,-0.192468062,0.00597155187,0.19067046,0.975519896,0.109571725,-0.0269143991,-0.106382452,0.993960977)},[0.21666666865349]={["Lg"]=CFrame.new(-0.657046378,-0.0293235779,0.0596758127,0.887549818,-0.408709198,-0.212631479,0.415330738,0.909552515,-0.014654329,0.199388698,-0.0753058046,0.977022588),["To"]=CFrame.new(-2.43181084e-08,0.189537197,-0.312855959,0.986939788,-0.0741609335,-0.143003806,0.101277381,0.975993395,0.192820758,0.125271007,-0.204785511,0.970757484),["Ht"]=CFrame.new(0,0,0,1,0,0,0,1,0,0,0,1),["Lm"]=CFrame.new(-0.566619158,0.153872728,-0.0988476276,-0.34234485,0.498424113,-0.796475708,-0.608181,0.528596818,0.59220022,0.716181457,0.687138081,0.122169688),["Rm"]=CFrame.new(0.285083711,0.149040639,0.220426083,-0.0310346764,-0.377603054,-0.925447345,0.982760251,0.157308102,-0.0971419215,0.182261392,-0.912507653,0.366211355),["Rg"]=CFrame.new(0.689823627,0.147022784,0.0406907797,0.848097861,0.437145561,0.299389005,-0.501798451,0.844081163,0.189011231,-0.17008315,-0.310533017,0.935222507),["Hd"]=CFrame.new(9.68575478e-08,1.39698386e-08,-3.57627869e-07,0.971029639,-0.0701059178,-0.228443846,0.117625095,0.972385645,0.201570392,0.208004206,-0.222601548,0.952461481)},[0.83333331346512]={["Lg"]=CFrame.new(-0.623009443,-0.18738544,-0.0624617934,0.935559571,-0.296586424,-0.191741735,0.331345171,0.925011933,0.185912028,0.122224316,-0.237464488,0.963676274),["To"]=CFrame.new(1.07890186e-09,0.189537197,-0.0466778278,0.974624395,-0.217015266,-0.0548787154,0.222308785,0.967077494,0.123854622,0.0261936281,-0.132911757,0.990781724),["Ht"]=CFrame.new(0,0,0,1,0,0,0,1,0,0,0,1),["Lm"]=CFrame.new(-0.5961622,0.213606596,0.0964719057,-0.363650531,0.840993643,0.400609732,-0.77158314,-0.512889624,0.376302451,0.521936536,-0.172261208,0.835409164),["Rm"]=CFrame.new(0.298481047,0.171664536,0.0586565733,-0.662913859,-0.628652513,-0.406621516,0.509272993,-0.776728511,0.370585918,-0.548804402,0.0385851488,0.835059822),["Rg"]=CFrame.new(0.658983111,-0.14922893,0.00309729576,0.887182474,0.392337114,0.242855921,-0.429686993,0.894289613,0.124961644,-0.168156251,-0.215215728,0.961980104),["Hd"]=CFrame.new(8.19563866e-08,-1.49011612e-08,-2.98023224e-07,0.978274345,-0.0876055211,0.18789506,0.0588118024,0.986367702,0.153687865,-0.198797494,-0.139298424,0.970090508)},[0.85000002384186]={["Lg"]=CFrame.new(-0.62776053,-0.165514588,-0.0531771779,0.931035697,-0.309825242,-0.192823157,0.340153694,0.928156734,0.151064813,0.13216655,-0.206236154,0.969535232),["To"]=CFrame.new(4.32595826e-09,0.189537197,-0.0838198662,0.974259079,-0.212295249,-0.0758287609,0.220724687,0.966708601,0.129441515,0.0458244905,-0.142846838,0.988683403),["Ht"]=CFrame.new(0,0,0,1,0,0,0,1,0,0,0,1),["Lm"]=CFrame.new(-0.611214161,0.19264257,0.0680847168,-0.358058721,0.892447889,0.274464846,-0.758897185,-0.449414164,0.471276879,0.543938458,-0.0395457558,0.83819288),["Rm"]=CFrame.new(0.284086406,0.15636158,0.070486784,-0.608124793,-0.640989125,-0.468313187,0.571125507,-0.763007879,0.302712291,-0.551361978,-0.0833787993,0.830089152),["Rg"]=CFrame.new(0.668564439,-0.113072634,0.00616192818,0.877594471,0.404675454,0.257032365,-0.448431253,0.882524371,0.141634807,-0.169521153,-0.239559323,0.955967546),["Hd"]=CFrame.new(1.04308128e-07,-2.98023224e-08,2.38418579e-07,0.981132269,-0.0901558697,0.171030447,0.0643376559,0.986451268,0.150912359,-0.182318807,-0.137061268,0.973639607)},[0.73333334922791]={["Lg"]=CFrame.new(-0.654276371,-0.0350254774,-0.000102162361,0.800697327,-0.466566712,-0.375765353,0.580552101,0.759069502,0.294571966,0.147794366,-0.454014242,0.878651083),["To"]=CFrame.new(-2.30960655e-08,0.189537197,-0.217023373,0.989630342,0.00712575018,0.143461391,-0.0415821597,0.970214307,0.238652796,-0.13748771,-0.242143437,0.960449815),["Ht"]=CFrame.new(0,0,0,1,0,0,0,1,0,0,0,1),["Lm"]=CFrame.new(-0.479337007,0.245399475,0.224466443,-0.170895427,0.410483241,0.895711124,-0.985165596,-0.0567876734,-0.161938176,-0.0156075172,-0.910098195,0.41409871),["Rm"]=CFrame.new(0.474662811,0.077663362,0.0881305933,-0.445414364,-0.758498967,0.475694627,0.655327916,0.0858196616,0.750453472,-0.610042214,0.645998716,0.458840132),["Rg"]=CFrame.new(0.599133372,-0.114191055,-0.00326633453,0.871800125,0.445482403,0.203740507,-0.430281669,0.89518714,-0.116179802,-0.234141603,0.0136197601,0.972106993),["Hd"]=CFrame.new(9.49949026e-08,5.13391569e-08,3.57627869e-07,0.983635604,-0.1200343,0.134360939,0.100612655,0.984590292,0.143035606,-0.14945963,-0.127176523,0.980554998)},[0.43333333730698]={["Lg"]=CFrame.new(-0.715793371,0.168721259,0.0695538521,0.68836087,-0.592075825,-0.419053137,0.690487921,0.711842179,0.128480986,0.222229108,-0.37779206,0.898825407),["To"]=CFrame.new(3.90615611e-08,0.189537197,-0.48114872,0.926555932,0.314295828,0.206669912,-0.360420644,0.899044693,0.248627931,-0.10766273,-0.304855764,0.946293771),["Ht"]=CFrame.new(0,0,0,1,0,0,0,1,0,0,0,1),["Lm"]=CFrame.new(-0.361590981,0.0590020418,0.212278485,-0.142043307,0.433732778,0.889775038,-0.973632097,-0.223320156,-0.0465696417,0.178505912,-0.872928441,0.454017222),["Rm"]=CFrame.new(0.460417032,-0.0968812406,0.130571365,-0.314529747,-0.907919943,0.277042121,0.716175735,-0.0354155414,0.697020948,-0.623027623,0.417644739,0.661369503),["Rg"]=CFrame.new(0.648864031,0.106453657,0.0204827785,0.860877633,0.463669032,0.209524453,-0.445821166,0.885840118,-0.128573537,-0.24522081,0.0172756687,0.969313383),["Hd"]=CFrame.new(4.47034836e-08,7.4505806e-09,-5.96046448e-08,0.985845268,-0.124571614,-0.112210363,0.138901025,0.98166573,0.130533218,0.093892321,-0.144271731,0.985073566)},[0.61666667461395]={["Lg"]=CFrame.new(-0.710967124,0.179625034,0.0741654634,0.595976591,-0.645586789,-0.477524847,0.769371688,0.629374802,0.109337986,0.22995469,-0.432556659,0.871788621),["To"]=CFrame.new(-5.25743005e-09,0.189537197,-0.530884743,0.909558237,0.296794832,0.29088968,-0.380620718,0.87593919,0.296409369,-0.166828915,-0.380320132,0.909683943),["Ht"]=CFrame.new(0,0,0,1,0,0,0,1,0,0,0,1),["Lm"]=CFrame.new(-0.362449527,0.185085118,0.313761234,-0.137553349,0.0131353289,0.990407288,-0.897128701,0.422148168,-0.130196989,-0.419808775,-0.906431675,-0.0462837853),["Rm"]=CFrame.new(0.584522247,-0.0925494432,0.121081352,-0.229147345,-0.315416664,0.920871198,0.567106128,0.72563982,0.389663398,-0.791127205,0.611522138,0.0125962477),["Rg"]=CFrame.new(0.577203035,0.0225436091,-0.000920951366,0.827381849,0.522718966,0.205436766,-0.477980793,0.847411633,-0.231144994,-0.294913322,0.0930504799,0.950982571),["Hd"]=CFrame.new(2.08616257e-07,1.49011612e-08,-3.57627869e-07,0.983019948,-0.182435125,0.0197306722,0.179049551,0.977157831,0.114472032,-0.0401636362,-0.10899549,0.993230581)},[0.28333333134651]={["Lg"]=CFrame.new(-0.669721782,-0.0262076855,0.0748387575,0.900598764,-0.354617149,-0.251333624,0.413837105,0.876377642,0.246376306,0.132893801,-0.325897098,0.936018348),["To"]=CFrame.new(-4.55635671e-08,0.189537197,-0.0698363781,0.998084724,0.0176939331,0.0592774637,-0.0255936924,0.99047637,0.135283306,-0.0563192293,-0.136541337,0.989032149),["Ht"]=CFrame.new(0,0,0,1,0,0,0,1,0,0,0,1),["Lm"]=CFrame.new(-0.538859248,0.122806311,-0.111190617,-0.696404219,0.715622425,-0.0539030358,-0.308230221,-0.230430663,0.922982037,0.648085773,0.659383237,0.381049275),["Rm"]=CFrame.new(0.270899326,0.138491631,0.241967797,-0.421262294,-0.46628803,-0.777890265,0.80248946,-0.591255963,-0.080169417,-0.42255047,-0.658021212,0.623265266),["Rg"]=CFrame.new(0.6565817,-0.120870352,0.00745618343,0.917227149,0.350975394,0.1884422,-0.361339211,0.93215996,0.0226310715,-0.167715207,-0.0888494253,0.981823504),["Hd"]=CFrame.new(1.06170774e-07,-2.56113708e-08,-3.57627869e-07,0.961517394,0.163349718,-0.220910072,-0.0984262973,0.955489159,0.278123587,0.256508589,-0.245677322,0.934797347)},[0.78333336114883]={["Lg"]=CFrame.new(-0.626954198,-0.16699636,-0.0540469289,0.918538272,-0.320234418,-0.231813356,0.377591193,0.884350002,0.274499953,0.117099762,-0.339669108,0.933226883),["To"]=CFrame.new(-3.63799444e-08,0.189537197,-0.0650737286,0.983219922,-0.181539744,0.0179427341,0.176896766,0.972833633,0.149339333,-0.0445663221,-0.143659383,0.988623202),["Ht"]=CFrame.new(0,0,0,1,0,0,0,1,0,0,0,1),["Lm"]=CFrame.new(-0.546539783,0.244803846,0.161119103,-0.302142948,0.700945437,0.646053612,-0.87850666,-0.467834771,0.0967290699,0.370048225,-0.538336396,0.757138252),["Rm"]=CFrame.new(0.363094121,0.160046399,0.0606379509,-0.663459718,-0.72917074,-0.167723954,0.53713882,-0.620227635,0.571664035,-0.520867765,0.289184898,0.8031618),["Rg"]=CFrame.new(0.632220268,-0.153921127,0.0010573864,0.897353888,0.386269808,0.213429257,-0.40250501,0.914673269,0.0369152464,-0.180958301,-0.119032383,0.976260841),["Hd"]=CFrame.new(8.94069672e-08,5.82076609e-09,-2.38418579e-07,0.978633046,-0.0922776759,0.183744863,0.0642890036,0.986156523,0.152847305,-0.195305616,-0.137768626,0.971017778)},[0.86666667461395]={["Lg"]=CFrame.new(-0.635485828,-0.129954576,-0.0380813479,0.923457384,-0.329376906,-0.196817786,0.355080396,0.927976847,0.113035426,0.145411044,-0.174269602,0.973902345),["To"]=CFrame.new(9.60548796e-09,0.189537197,-0.144210577,0.973902822,-0.205275506,-0.0968260989,0.217524678,0.965953887,0.140057474,0.0647791699,-0.15746443,0.985397696),["Ht"]=CFrame.new(0,0,0,1,0,0,0,1,0,0,0,1),["Lm"]=CFrame.new(-0.625976086,0.165893793,0.0351279974,-0.339223534,0.934748113,0.105703853,-0.756706715,-0.337899566,0.5596596,0.558858097,0.109862715,0.821953654),["Rm"]=CFrame.new(0.271857113,0.131478071,0.0897219181,-0.517973661,-0.66095674,-0.542991102,0.671774507,-0.707292318,0.220128834,-0.529549301,-0.250746697,0.81037271),["Rg"]=CFrame.new(0.679001927,-0.054284811,0.0111441612,0.865658939,0.41997391,0.272500932,-0.469985008,0.869255126,0.153328747,-0.172478661,-0.260801852,0.949859798),["Hd"]=CFrame.new(5.96046448e-08,6.51925802e-08,-2.38418579e-07,0.985140979,-0.094386667,0.143487036,0.0732282251,0.986542583,0.146189645,-0.155354425,-0.133510083,0.97879523)},[0.15000000596046]={["Lg"]=CFrame.new(-0.652622819,-0.0230002403,0.044385314,0.870646894,-0.450788289,-0.196886569,0.427981824,0.891491234,-0.148575872,0.242498681,0.045093406,0.969103158),["To"]=CFrame.new(-7.12506321e-09,0.189537197,-0.509521484,0.961593091,-0.116857402,-0.248360887,0.173224285,0.960255146,0.21886839,0.212913439,-0.253484458,0.943617284),["Ht"]=CFrame.new(0,0,0,1,0,0,0,1,0,0,0,1),["Lm"]=CFrame.new(-0.59225601,0.167907059,-0.0871280432,-0.0763339922,0.228628665,-0.970516503,-0.62260735,0.749341071,0.225495249,0.778802454,0.621463597,0.0851456672),["Rm"]=CFrame.new(0.293498933,0.138520539,0.199073553,0.130497441,-0.253785402,-0.958417177,0.861176372,0.50801307,-0.0172629096,0.491269588,-0.823113441,0.284848303),["Rg"]=CFrame.new(0.715992689,0.335223794,0.0555500984,0.795571625,0.485855967,0.361953378,-0.581075788,0.781016707,0.228830248,-0.171512738,-0.392373413,0.903673887),["Hd"]=CFrame.new(1.56462193e-07,-1.49011612e-08,1.1920929e-07,0.956915498,-0.211792052,-0.198637322,0.241348624,0.960494339,0.138569459,0.161442161,-0.18054007,0.970227718)},[0.050000000745058]={["Lg"]=CFrame.new(-0.679065526,0.0819727182,0.060090661,0.86681211,-0.450159818,-0.214459121,0.441663384,0.892772257,-0.0888343826,0.231452703,-0.0177163053,0.97268486),["To"]=CFrame.new(-4.26304325e-10,0.189537197,-0.586146355,0.968078792,-0.149084508,-0.201487705,0.19383423,0.954949558,0.224721655,0.158908069,-0.256603479,0.953364015),["Ht"]=CFrame.new(0,0,0,1,0,0,0,1,0,0,0,1),["Lm"]=CFrame.new(-0.659286559,0.0632861257,-0.118049443,-0.0921249092,0.474977702,-0.875162423,-0.716103375,0.57909441,0.389673829,0.691888034,0.662605405,0.286784202),["Rm"]=CFrame.new(0.261251956,0.00672632456,0.215353489,0.123725563,-0.307997942,-0.943307638,0.937562287,0.347688943,0.00944850594,0.325067461,-0.885578752,0.33178547),["Rg"]=CFrame.new(0.726435184,0.37795043,0.0484578609,0.800111771,0.493318677,0.341259122,-0.568998694,0.804273069,0.171422184,-0.189899564,-0.33133322,0.924206018),["Hd"]=CFrame.new(6.70552254e-08,2.42143869e-08,1.1920929e-07,0.982490838,-0.159049988,-0.09703058,0.169344261,0.979494572,0.109146699,0.0776811466,-0.123667151,0.989278615)},[0.56666666269302]={["Lg"]=CFrame.new(-0.719546735,0.201596737,0.0714981556,0.59997952,-0.651800871,-0.463875413,0.762180746,0.641911268,0.0838468522,0.243115753,-0.4038634,0.881923735),["To"]=CFrame.new(-1.23746702e-09,0.189537197,-0.576867819,0.904014349,0.327239186,0.275086433,-0.403184146,0.866562366,0.294129699,-0.14212881,-0.376807958,0.915322423),["Ht"]=CFrame.new(0,0,0,1,0,0,0,1,0,0,0,1),["Lm"]=CFrame.new(-0.341473728,0.146376729,0.335038781,-0.121087819,0.0126896221,0.992560685,-0.917288303,0.380718201,-0.116772279,-0.379367858,-0.924604058,-0.0344602391),["Rm"]=CFrame.new(0.578579366,-0.127722025,0.11044836,-0.238822773,-0.396658063,0.886355519,0.592721045,0.663463771,0.456615508,-0.769185007,0.634411752,0.0766573697),["Rg"]=CFrame.new(0.607868552,0.101400554,0.0115551949,0.829954743,0.515831351,0.212351829,-0.479380131,0.854196668,-0.201352268,-0.285254031,0.0653161108,0.956223786),["Hd"]=CFrame.new(4.47034836e-08,-1.41561031e-07,-3.57627869e-07,0.980514228,-0.196448147,0.000226095377,0.195285037,0.974832356,0.107544109,-0.0213472415,-0.10540434,0.994200349)},[0.81666666269302]={["Lg"]=CFrame.new(-0.621430635,-0.194652557,-0.0655468702,0.93680048,-0.290799707,-0.194526121,0.330100656,0.918891311,0.216038451,0.115924351,-0.266597837,0.956810832),["To"]=CFrame.new(-3.55271368e-15,0.189537197,-0.0343365669,0.975014687,-0.219427466,-0.0346115716,0.222049028,0.967179954,0.123520002,0.00637193862,-0.128119275,0.991738319),["Ht"]=CFrame.new(0,0,0,1,0,0,0,1,0,0,0,1),["Lm"]=CFrame.new(-0.581227243,0.228079736,0.119405508,-0.357586205,0.79629457,0.487900734,-0.795444191,-0.533429205,0.287613928,0.489285976,-0.285251081,0.824154794),["Rm"]=CFrame.new(0.314695239,0.176749945,0.0547258854,-0.685753644,-0.63605988,-0.353793174,0.490901053,-0.763082027,0.420383394,-0.537362278,0.114601851,0.835528731),["Rg"]=CFrame.new(0.650540948,-0.161242604,0.00207924843,0.894008398,0.383963078,0.230913982,-0.415109158,0.903766513,0.104358643,-0.16862227,-0.189151913,0.967361391),["Hd"]=CFrame.new(9.12696123e-08,-8.84756446e-09,1.1920929e-07,0.977259159,-0.0867670923,0.193484232,0.0569665134,0.9863352